20120601
20120604
20120605
20120606
20120607
20120608
20120611
20120612
20120613
20120614
20120615
20120618
20120619
20120620
20120621
20120625
20120626
20120627
20120628
20120629
20120702
20120703
20120704
20120705
20120706
20120709
20120710
20120711
20120712
20120713
20120716
20120717
20120718
20120719
20120720
20120723
20120724
20120725
20120726
20120727
20120730
20120731
20120801
20120802
20120803
20120806
20120807
20120808
20120809
20120810
20120813
20120814
20120815
20120816
20120817
20120820
20120821
20120822
20120823
20120824
20120827
20120828
20120829
20120830
20120831
20120903
20120904
20120905
20120906
20120907
20120910
20120911
20120912
20120913
20120914
20120917
20120918
20120919
20120920
20120921
20120924
20120925
20120926
20120927
20120928
20121008
20121009
20121010
20121011
20121012
20121015
20121016
20121017
20121018
20121019
20121022
20121023
20121024
20121025
20121026
20121029
20121030
20121031
20121101
20121102
20121105
20121106
20121107
20121108
20121109
20121112
20121113
20121114
20121115
20121116
20121119
20121120
20121121
20121122
20121123
20121126
20121127
20121128
20121129
20121130
20121203
20121204
20121205
20121206
20121207
20121210
20121211
20121212
20121213
20121214
20121217
20121218
20121219
20121220
20121221
20121224
20121225
20121226
20121227
20121228
20121231
20130104
20130107
20130108
20130109
20130110
20130111
20130114
20130115
20130116
20130117
20130118
20130121
20130122
20130123
20130124
20130125
20130128
20130129
20130130
20130131
20130201
20130204
20130205
20130206
20130207
20130208
20130218
20130219
20130220
20130221
20130222
20130225
20130226
20130227
20130228
20130301
20130304
20130305
20130306
20130307
20130308
20130311
20130312
20130313
20130314
20130315
20130318
20130319
20130320
20130321
20130322
20130325
20130326
20130327
20130328
20130329
20130401
20130402
20130403
20130408
20130409
20130410
20130411
20130412
20130415
20130416
20130417
20130418
20130419
20130422
20130423
20130424
20130425
20130426
20130502
20130503
20130506
20130507
20130508
20130509
20130510
20130513
20130514
20130515
20130516
20130517
20130520
20130521
20130522
20130523
20130524
20130527
20130528
20130529
20130530
20130531
20130603
20130604
20130605
20130606
20130607
20130613
20130614
20130617
20130618
20130619
20130620
20130621
20130624
20130625
20130626
20130627
20130628
20130701
20130702
20130703
20130704
20130705
20130708
20130709
20130710
20130711
20130712
20130715
20130716
20130717
20130718
20130719
20130722
20130723
20130724
20130725
20130726
20130729
20130730
20130731
20130801
20130802
20130805
20130806
20130807
20130808
20130809
20130812
20130813
20130814
20130815
20130816
20130819
20130820
20130821
20130822
20130823
20130826
20130827
20130828
20130829
20130830
20130902
20130903
20130904
20130905
20130906
20130909
20130910
20130911
20130912
20130913
20130916
20130917
20130918
20130923
20130924
20130925
20130926
20130927
20130930
20131008
20131009
20131010
20131011
20131014
20131015
20131016
20131017
20131018
20131021
20131022
20131023
20131024
20131025
20131028
20131029
20131030
20131031
20131101
20131104
20131105
20131106
20131107
20131108
20131111
20131112
20131113
20131114
20131115
20131118
20131119
20131120
20131121
20131122
20131125
20131126
20131127
20131128
20131129
20131202
20131203
20131204
20131205
20131206
20131209
20131210
20131211
20131212
20131213
20131216
20131217
20131218
20131219
20131220
20131223
20131224
20131225
20131226
20131227
20131230
20131231
20140101
20140102
20140103
20140106
20140107
20140108
20140109
20140110
20140113
20140114
20140115
20140116
20140117
20140120
20140121
20140122
20140123
20140124
20140127
20140128
20140129
20140130
20140207
20140210
20140211
20140212
20140213
20140214
20140217
20140218
20140219
20140220
20140221
20140224
20140225
20140226
20140227
20140228
20140303
20140304
20140305
20140306
20140307
20140310
20140311
20140312
20140313
20140314
20140317
20140318
20140319
20140320
20140321
20140324
20140325
20140326
20140327
20140328
20140331
20140401
20140402
20140403
20140404
20140408
20140409
20140410
20140411
20140414
20140415
20140416
20140417
20140418
20140421
20140422
20140423
20140424
20140425
20140428
20140429
20140430
20140505
20140506
20140507
20140508
20140509
20140512
20140513
20140514
20140515
20140516
20140519
20140520
20140521
20140522
20140523
20140526
20140527
20140528
20140529
20140530
20140603
20140604
20140605
20140606
20140609
20140610
20140611
20140612
20140613
20140616
20140617
20140618
20140619
20140620
20140623
20140624
20140625
20140626
20140627
20140630
20140701
20140702
20140703
20140704
20140707
20140708
20140709
20140710
20140711
20140714
20140715
20140716
20140717
20140718
20140721
20140722
20140723
20140724
20140725
20140728
20140729
20140730
20140731
20140801
20140804
20140805
20140806
20140807
20140808
20140811
20140812
20140813
20140814
20140815
20140818
20140819
20140820
20140821
20140822
20140825
20140826
20140827
20140828
20140829
20140901
20140902
20140903
20140904
20140905
20140909
20140910
20140911
20140912
20140915
20140916
20140917
20140918
20140919
20140922
20140923
20140924
20140925
20140926
20140929
20140930
20141008
20141009
20141010
20141013
20141014
20141015
20141016
20141017
20141020
20141021
20141022
20141023
20141024
20141027
20141028
20141029
20141030
20141031
20141103
20141104
20141105
20141106
20141107
20141110
20141111
20141112
20141113
20141114
20141117
20141118
20141119
20141120
20141121
20141124
20141125
20141126
20141127
20141128
20141201
20141202
20141203
20141204
20141205
20141208
20141209
20141210
20141211
20141212
20141215
20141216
20141217
20141218
20141219
20141222
20141223
20141224
20141225
20141226
20141229
20141230
20141231
20150105
20150106
20150107
20150108
20150109
20150112
20150113
20150114
20150115
20150116
20150119
20150120
20150121
20150122
20150123
20150126
20150127
20150128
20150129
20150130
20150202
20150203
20150204
20150205
20150206
20150209
20150210
20150211
20150212
20150213
20150216
20150217
20150225
20150226
20150227
20150302
20150303
20150304
20150305
20150306
20150309
20150310
20150311
20150312
20150313
20150316
20150317
20150318
20150319
20150320
20150323
20150324
20150325
20150326
20150327
20150330
20150331
20150401
20150402
20150403
20150407
20150408
20150409
20150410
20150413
20150414
20150415
20150416
20150417
20150420
20150421
20150422
20150423
20150424
20150427
20150428
20150429
20150430
20150504
20150505
20150506
20150507
20150508
20150511
20150512
20150513
20150514
20150515
20150518
20150519
20150520
20150521
20150522
20150525
20150526
20150527
20150528
20150529
20150601
20150602
20150603
20150604
20150605
20150608
20150609
20150610
20150611
20150612
20150615
20150616
20150617
20150618
20150619
20150623
20150624
20150625
20150626
20150629
20150630
20150701
20150702
20150703
20150706
20150707
20150708
20150709
20150710
20150713
20150714
20150715
20150716
20150717
20150720
20150721
20150722
20150723
20150724
20150727
20150728
20150729
20150730
20150731
20150803
20150804
